#completed
PUZ11
s=85
25,9,-1,5,-1
12,22,24,-1,4
24,20,17,14,-1
13,-1,-1,12,39
-1,-1,-1,-1,9
PUZ27
s=80
19,-1,22,6,-1
9,-1,23,20,7
20,-1,16,-1,-1
-1,-1,9,-1,27
-1,14,10,32,13
PUZ43
#only 3 different numbers
s=75
-1,13,21,3,-1
14,-1,20,-1,4
20,23,15,7,10
-1,12,10,-1,31
-1,8,9,36,-1
PUZ59
s=70
19,12,-1,4,-1
13,-1,19,-1,3
-1,20,14,8,10
-1,10,-1,11,31
11,11,10,29,-1
PUZ75
# only 2 different numbers
s=70
-1,10,-1,4,-1
8,-1,19,-1,4
-1,22,13,4,-1
14,-1,7,-1,26
-1,7,-1,31,-1
PUZ91
# only 3 different numbers
s=10
3,-1,3,-1,3
-1,3,3,3,-1
3,3,2,-1,-1
3,-1,-1,-1,-1
-1,3,-1,-1,-1
PUZ107
s=15
-1,2,-1,1,-1
2,-1,-1,-1,1
-1,-1,-1,2,2
-1,2,2,2,6
2,-1,2,-1,2
puz123
# ONLY 3 DIFFERENT NUMBERS: 1, 3, 4
S=20
5,-1,5,-1,5
-1,5,5,5,-1
5,5,-1,-1,-1
-1,-1,-1,-1,8
-1,-1,-1,8,-1
puz139
s=50
-1,9,-1,2,-1
5,15,-1,-1,3
-1,18,10,2,-1
11,7,6,5,21
-1,1,7,28,6
puz155
# only 3
s=60
-1,4,-1,5,-1
4,-1,-1,-1,5
-1,-1,12,7,7
-1,7,7,7,-1
7,-1,7,-1,7
puz171
s=55
-1,10,16,1,13
9,-1,14,-1,2
14,-1,11,-1,-1
-1,-1,-1,-1,25
9,8,6,25,-1
puz187
s=40
12,3,12,3,10
6,12,-1,-1,2
-1,14,-1,2,-1
-1,-1,-1,6,19
6,-1,4,18,4
;

