#completed
puz3
t=70
20
15,20,20
20,5,5,5,5
15,15,15,30,5,20,15
20,15,5,5,5
5,20,15
5
puz19
t=86
22
33,22,33
22,33,22,20,20
20,20,33,11,33,22,20
20,20,20,33,20
22,33,22
22
puz35
t=90
15
25,25,25
20,15,15,20,25
15,20,25,30,20,25,25
15,15,20,20,25
15,20,15
25
puz51
t=42
13
14,14,14
14,4,4,4,4
13,13,13,11,13,13,4
14,13,4,14,13
13,13,4
14
puz67
t=15
6
3,6,6
2,2,3,3,3
2,6,3,4,2,3,2
6,6,3,3,2
2,6,6
3
puz83
t=100
10
10,10,10
10,20,20,20,20
20,40,40,30,20,10,40
20,10,40,20,10
10,20,20
40
puz99
t=30
12
12,8,8
8,8,6,6,6
6,6,12,4,12,8,6
12,8,6,12,12
6,8,12
8
puz115
t=10
3
2,2,2
2,4,4,4,3
3,3,2,1,2,3,4
3,2,3,4,2
3,2,4
3
puz129
t=53
4
19,8,4
4,4,19,8,8
19,19,8,22,19,8,4
4,19,8,4,4
4,19,8
19
puz131
t=49
7
30,7,9
9,9,9,30,30
30,7,7,3,9,30,7
9,9,30,30,7
7,9,30
9
puz147
t=45
3
11,14,14
14,3,3,3,11
11,11,14,17,11,14,3
11,14,11,3,3
11,11,14
3
puz163
t=75
50
11,4,11
4,11,4,11,4
50,50,50,10,4,11,11
4,50,50,4,11
4,50,4
11
puz179
t=83
36
11,11,11
11,15,15,15,15
36,11,36,21,36,15,11
11,11,36,15,36
11,15,36
11
puz195
t=90
15
15,25,10
10,10,15,25,25
15,10,25,40,10,25,15
10,10,10,25,15
15,10,25
15