1,1
s=pushwin
1,1
13,12,11,10,9,8,7,6,5,4,3,2,1
17,16,15,14,26,25,24,23,22,21,20,19,18
39,38,37,36,35,34,33,32,31,30,29,28,27
52,51,50,49,48,47,46,45,44,43,42,41,40


s=offbyone
1,1

38
1,52,51


s=pushmult
1,1
10,9
5,4




s=pushempty
1,1
-1,10,9,5,4





s=chain
1,1
27
50,49,46,45,44,40
26,25,23,21,20,18,17,16,15
-1,51,43,42,41,39,38,37,36,35,34,33,32,31,30,29

11,10,8,7,6,5,9,1
s=badeq
1,1
38,37,34,25,24,22,21,19,18,17,16,15,14,20
-1,-1,35
13,12,11,2,23
9,8,7,6,1
39,36,33,32,31,30,29,28,4,3
52,51,50,48,47,43,41,40,10
s=brief
1,1
-1,-1,-1,8,5,3,15
-1,-1,51,49
-1,-1,22,9
-1,-1,40,1
-1,-1,6,23
-1,-1,-1,30,24
s=newbig
1,1
-1,-1,43
9,37
-1,11,7,6,12,10
-1,-1,50,41
-1,-1,-1,36,27,25
-1,-1,26,22,19,18,17
s=8left
1,1
TC=7
M=f35,61,f13,45,f24,35,f3,13,f37,23,f26,62,f17,14,f1,13,14,f43,61,65,31,36,16,f44,31,53,35,63,61,31,23,f29,26,36,f6,26,43,42,32,f25,43,f11,f15,f46,f28,f48,f7,dy,61,46,35,24,21,23,13,21,31,32,12,13,31,23,21,32,13,23,12,31,32,12,13,f5,f21,f20,f33,f14,f38,dy,46,54,43,24,f8,f30,f16,f39,f41,f36,dy,64,64,24,f10,f32,f4,f31,f18,f34,dy,42,42,24,46,64,21,23,13,21,46,42,62,64,62,26,62,26,64,12,16,21,16,16,32,36,26,31,31,12,13,31,21,63,62,32,63,26,23,63,15,51
26,24,23,22,20,19,18,17,16,15,14

13,11,10,8,7,6,5,4,3,1
25,21,39,38,37,36,35,34,33,32,31,30,29,28
-1,-1,-1,52,49,47,44,43,48,46,41

s=triv
1,1
TC=,25,1,47,48,40,19
M=f12,34,f22,54,f14,65,f24,65,f36,61,f43,23
-1,-1,-1,25,24
-1,-1,43
-1,12,1
-1,-1,48,47,40
-1,-1,22,19,14
36
s=almdone
1,1
TC=,35,42,36,29,34,7
M=f28,13,f32,14,f26,53,f14,13,15,f8,43,f17,64,51,f25,65,16,51,61,f37,65,f3,f5,f44,f39,f18,f51,dy,12,36,f6,f10,f52,f40,f20,f41,dy,46,12,f9,f22,f12,f49,f46,f23,dy,26,21,23,23,21,54,56,56,f19,24,62,f4,26,f43,21,42,24,31,12,13,23,12,16,26,f1,52,f45,53,41,54,14,65,61,62,12,52,64,46,64,45,46,56,41,35,34,f16,43,53,25,42,52,65,64,54,65,61,46,45,65,34,36,46,34,f2,f33,f13,f50,f47,f15,dy,54,54,45,54,45,13,21,26,62,63,36,63,56,54,45,65,36,43,34,64,56,53,63,f38,f27,f31,f24,f21,f11,dy,54,31,21,24,42,24,42,46,64,15,16,56,15,61,65,15,16,51,56,16,15,51,61,65,15,61,56,51,61,35,36,56,13,31,15,13,31,13,f48,31,63,f30,36,31
39,38,37,36,35,34,33,32,31,30
26,25,24,23,22,21,20,19,18,17,16,15,14

13,12,11,10,9,8,7,6,5,4,3,2,1
29,28,27
52,51,50,49,48,47,46,45,44,43,42,41,40
s=hcs
1,1
TC=,9,3,24,31,36,41
FD=38,33,42,32,34,17,12,27,14,16,10,21,25,18,40,46,35,48,43,7,45,19,26,15,51,4,11,49,2,22
HC=
HC=
HC=
HC=
HC=
HC=
-1,-1,-1,9
-1,-1,-1,3
-1,-1,24
-1,-1,31
-1,-1,-1,36
-1,-1,-1,41
s=ratry
1,1
TC=,27,21,28,5,42,10
M=f9,13,f7,16,f46,16,f11,46,f44,51,f35,f20,f24,f26,f34,f15,dy
46,42,35
-1,-1,-1,21,20
-1,-1,28,27,24
-1,11,26
-1,-1,44,34
-1,-1,-1,10,9,7,5,15
s=ratry2
1,1
TC=,36,35,8,27,32,51
FD=23,31,19,5,50,42,3,11,18,6,12,49,46,9,13,34,41,33,1,43,40,24,20,48,21,15,29,45,7,4
HC=30,22,38
HC=26,37,16
HC=39,14
HC=44,25
HC=52,17,10
HC=2,47,28
-1,-1,-1,36,35,32,27
26
39,37
-1,25,16,14
-1,-1,10,8
-1,-1,-1,51
s=biglong
1,1
TC=,5,22,10,1,29,3
M=13,12,63,43,65,24,12,14,64,65,56,21,31,32,12,31,23,21,31,32,35,63,26,26,dy,42,21,23,65,12,41,21,42,14,12,42,14,dy,23,53,14,dy,32,61,31,46,42,dy,56,46,24,14,dy,24,52,32,13,14,41,14,16,61,16,61,16,61,65,15,63,61,56,65,56,65
FD=25,15,39,14,48,43,46,31,36,49,30,24,34,50,47,16,12,32,42,45,23,4,6,9,19,33,41,37,44,2
HC=18,7,21
HC=35,8,11
HC=38,40
HC=13,26
HC=52,20,51
HC=27,17,28
24
22,21,18,17,15,14,50,44,41
38,29,28,27,39,35,36,23,19,16
-1,26,25,49,47,46,45,42,37,34,33,32,31,30
-1,-1,51,40,48,43,12,11,10,9,8,7,6,5,4,3,2,1

